3381
2495
2236
2199
1988
2129
2167
1879
854
700
419
542
1608
1604
1630
1614
1432
2037
1388
2077
720
970
640
1996
521
1777
2157
1973
3934
3787
590
1949
1886
2048
2636
2267
3586
3540
3671
3491
557
750
1033
1735
1799
1118
1814
1007
596
670
588
293
5313
5513
1714
1695
4859
448
574
582
4361
4484
4814
4480
3889
3960
2003
1044
3763
3941
937
1422
1701
2964
3051
2291
2311
2315
3112
630
2610
821
162
828
582
375
311
4484
4315
669
2834
11389
2446
4201
3636
568
512
671
2355
2251
2896
2531
2348
572
565
544
753
599
1126
2140
1868
2341
2169
1987
2428
2049
2380
561
391
5233
2059
579
584
763
537
443
1895
551
1018
543
2090
552
568
1976
2072
1693
577
2437
2217
1548
1457
871
1319
1339
1035
724
4137
3841
3986
3195
3925
2901
2411
2072
1932
3149
549
581
186
1176
4041
2700
2682
2871
2964
2928
739
2498
2473
426
582
744
1879
1389
1132
837
584
645
333
832
932
557
5046
3072
3112
2616
724
1045
742
792
572
769
590
551
717
3267
598
3252
3351
3210
2235
840
573
596
418
623
572
589
581
430
2437
1798
4287
681
5325
2037
4572
872
4281
698
488
562
3665
1031
648
2528
635
878
2291
537
2071
1165
4833
6178
4783
9645
2144
1730
5210
1717
1401
1838
1500
595
889
2054
269
242
1001
3687
2513
1834
576
2150
2009
1063
3113
860
969
2307
2313
416
1381
4975
4817
5062
4761
4905
4961
4797
2992
2662
2112
4458
2677
1545
713
671
333
569
573
1112
1854
1000
464
1321
7222
7072
6952
1472
7480
2422
2077
1950
1833
2021
861
578
3404
5143
548
777
418
2334
2494
972
2408
576
8141
555
468
534
361
1992
1651
535
4382
871
2632
556
674
1733
1229
565
485
2474
2086
2113
1964
1864
1794
693
6674
2565
6756
3525
612
4929
2574
2625
557
4213
3875
3154
2290
1928
4329
466
1763
567
715
640
2295
2760
999
2708
2144
1988
871
11022
1487
951
2326
597
758
2091
606
1078
2628
537
811
831
2540
579
929
743
747
853
874
2632
968
853
1033
952
657
2405
2034
1985
2462
553
594
491
5143
5587
1778
650
576
2714
2081
2030
2863
2956
3061
3107
4163
2890
824
550
582
561
543
400
571
736
867
601
652
3206
633
636
569
5392
1808
2034
2088
570
966
644
864
524
570
4113
3127
3934
2140
578
3602
1661
1648
1514
9103
2873
657
2697
591
406
3159
2107
575
566
2528
568
927
661
639
577
3205
483
946
565
559
3395
4053
453
2858
2854
2660
1164
616
3444
6534
6307
3215
3248
2898
3078
3306
560
637
331
4497
3492
4277
3562
3786
3936
1942
2467
2374
999
578
4904
4020
3781
3711
3638
2516
10145
10085
7300
2125
2324
1723
931
904
939
586
919
3402
3586
2974
2789
2896
571
638
563
525
595
1656
1497
583
558
716
1047
973
657
678
1041
1102
2184
954
825
946
623
789
794
597
735
3220
2091
787
1599
581
574
2282
583
520
1503
1458
1036
877
788
708
948
462
898
542
640
808
4710
1108
918
2106
518
582
564
550
615
1890
760
560
584
811
883
1095
2879
2861
873
525
1270
5197
2403
2682
5450
5383
5207
1478
5214
5331
2317
5224
5390
2221
5319
5301
5472
549
4670
5286
6479
4664
5410
2448
1278
5302
5424
5371
2542
5258
4790
5350
1675
5212
5010
914
880
503
3256
2084
288
631
2164
954
544
555
2055
559
582
11274
11795
905
499
1878
726
966
541
905
1002
818
688
4047
876
2586
1866
4649
1896
5061
4752
2030
1728
931
1187
1583
1659
1684
1714
1433
4791
2322
2190
2196
443
2082
2371
721
1595
569
7410
6237
1058
633
1114
1048
955
792
615
1269
1133
744
1118
2040
1291
323
695
509
519
1850
1824
1794
1690
1131
2027
3648
647
571
529
623
843
2195
1900
1921
1535
1888
747
5126
585
810
582
505
1350
582
358
418
3337
3323
3441
2006
3491
783
579
3828
936
554
4603
4035
4104
3304
3293
3415
2199
1811
8008
6045
1578
4055
4022
2725
872
454
1012
1074
538
621
444
545
546
2938
2124
2153
1849
1050
675
1504
631
995
1021
1130
1658
918
2582
2658
1794
1555
900
755
362
3149
3249
3080
2110
1883
1431
818
622
664
505
1659
1645
1683
1185
1720
1490
4146
4176
3838
3903
2935
2838
1908
519
1257
4216
1325
4047
553
2317
541
1133
2390
2252
2389
2622
1300
800
2211
560
593
567
3783
1638
953
921
1822
2056
1134
459
4753
2676
2560
3012
2427
2374
786
1006
579
729
484
738
3534
450
2402
739
551
592
730
1046
1023
988
465
576
1895
2050
1918
1650
1824
881
636
672
955
1075
3412
3385
888
4081
784
472
3497
1125
554
556
1433
708
3259
1289
1442
1205
916
782
711
899
6932
1706
1935
1538
1354
1409
1254
733
1356
789
663
759
1361
497
928
564
4391
1295
3237
1660
2793
2594
2753
2823
261
580
873
529
469
6018
8906
665
5866
4464
3758
2269
3838
5625
3797
744
1379
3227
3423
1825
616
520
543
845
844
512
2537
2539
2197
2000
921
2918
2901
2808
3000
561
566
531
624
1564
541
550
2805
1480
2222
7554
789
449
5952
6740
9892
10004
1717
1736
1280
912
570
4967
3933
2184
567
3893
568
1304
2155
452
1851
883
996
729
581
415
15958
3444
18279
17933
4741
1086
2969
793
666
1113
1095
660
946
531
813
569
595
568
422
470
8119
2218
2723
2623
821
556
625
516
589
403
906
1396
1641
4863
4087
2895
969
2058
2262
2060
2405
1243
1060
734
749
801
593
561
641
598
533
565
1051
627
3458
1776
1612
521
583
549
1502
1691
1763
451
1438
559
3595
944
798
630
549
4113
660
569
499
587
1188
9587
559
401
3296
531
3282
864
946
2248
2533
758
3469
3060
4222
759
603
650
946
5909
1086
2741
2811
4176
4416
1330
1464
1598
802
553
1793
1688
1830
1775
1882
1940
1651
1688
347
1381
1232
1258
1633
1298
567
3833
4450
1760
3051
4614
4312
4550
4997
6893
3601
3933
758
2375
2687
2607
1634
1922
2133
1950
5612
6078
1509
830
4276
535
1154
962
935
4514
4419
770
4129
3357
503
610
865
1635
1908
1712
1782
1791
1819
894
851
882
755
582
533
656
584
639
553
639
563
567
572
567
575
1825
822
1879
502
1496
1496
1474
1445
2407
1171
3333
5062
569
552
569
2412
926
558
1517
689
2569
718
2736
2630
669
560
1910
2019
1419
2141
2321
2019
1956
1214
1488
2181
720
588
564
2117
2443
2327
2214
2214
3563
3626
1240
1005
576
569
547
563
462
295
2851
1219
5697
1968
2084
675
586
582
544
514
544
2146
2065
751
1345
1453
1504
1331
1329
2116
698
1157
1797
1211
1105
451
1438
716
901
654
2551
2685
1421
611
577
1482
893
842
705
569
3969
592
1777
1517
1560
765
563
758
1478
1444
1103
2694
616
1479
5133
2990
992
992
981
948
2468
2239
2561
3135
3329
1185
653
564
7693
1402
1208
994
800
5181
462
766
4469
5368
1736
581
4409
4138
3955
658
559
773
562
560
568
1099
819
8051
8565
8090
7774
1768
1099
3219
564
2388
730
1436
3264
742
559
683
2748
1555
1647
2934
975
1845
2366
15561
1917
2499
2564
2575
1603
3584
3482
3613
1593
1606
895
865
773
2505
2549
3171
2737
3315
2946
6751
3462
3523
309
622
1425
999
820
9808
1119
524
2258
3779
2420
2649
3014
2885
2333
759
3985
3937
3766
1026
463
568
3944
920
1077
1351
1410
1066
1913
572
2260
2384
8361
8360
5991
6643
4317
598
1306
1978
1732
699
2920
2479
1157
657
4386
4394
551
4020
2326
874
346
2065
7556
620
829
681
646
2148
755
626
6798
4734
6940
2272
2329
2172
1628
2777
721
2578
1690
3094
3384
2710
2187
658
2115
2335
537
8607
8506
869
970
643
917
762
276
1238
1828
1417
1282
1844
1359
1533
2926
2826
2963
1017
884
590
1836
2657
3670
606
3462
2789
5350
674
753
2244
2057
560
2552
2446
2654
553
582
2207
933
587
2267
2189
1265
710
1989
1289
1423
3403
1417
2255
475
1001
591
1567
5475
5784
3961
4954
1849
10826
3308
2841
661
563
2096
1315
1669
1374
521
753
6851
2667
2878
1559
585
2180
2439
2084
2086
1859
2011
2241
570
1689
2273
733
1920
862
847
1039
1214
3245
1199
1837
1435
6122
3191
6138
2719
1422
516
984
588
1844
1771
2560
1867
1224
1959
1971
1923
1532
1551
1580
1359
1545
900
1349
425
752
553
906
696
722
573
713
2387
2309
789
606
1092
521
2333
2368
582
1518
2018
1700
1391
4561
777
567
566
574
589
599
3198
3130
3295
545
3227
3321
823
534
648
1735
1263
2084
1465
1538
2003
916
584
2548
1374
2357
1760
2237
674
661
600
963
1577
1357
1230
1242
4975
3271
3060
3011
741
1147
781
688
499
591
675
656
552
567
612
501
364
595
1213
1144
1980
1809
2091
458
2025
2024
1854
1129
1086
3155
1874
2115
850
810
2238
1893
751
3111
3504
3232
3105
2070
1974
1996
1108
920
1588
2241
794
318
3115
3695
3544
3420
861
718
688
251
374
2747
3669
3728
4340
2836
559
2468
861
3580
589
895
3050
3248
2763
930
10322
2417
2492
2129
1256
1183
475
2490
2365
2458
548
697
2216
2325
2306
3512
805
3347
558
2393
2515
2215
1564
1613
1751
3159
3714
2789
2788
591
3744
1839
477
986
1149
978
2535
2159
1936
1870
2925
745
569
1803
2238
2483
3382
2482
2431
1512
2409
1387
3007
3028
2932
3126
972
561
855
632
2196
2202
2758
2179
2057
891
566
705
740
581
567
1746
612
338
309
6706
1699
1076
702
4733
6025
2568
5884
2999
2020
1845
1000
1837
1716
1857
1843
1726
905
1900
1767
2279
1878
789
881
1612
1430
7082
4708
771
3657
582
2507
728
368
531
9965
572
9995
1558
4424
4869
1129
2173
769
2049
2118
641
482
707
3194
3260
3125
3331
446
1695
526
927
861
6924
1759
3052
3001
732
894
1179
3919
2285
2202
714
521
1459
1779
1918
605
3500
3668
5495
1569
5429
1530
742
1591
2344
1300
687
3801
687
7988
230
2737
2296
2148
2006
2709
2200
1958
811
3443
6335
6383
1387
704
567
253
1620
609
4496
3917
3757
4505
4343
4091
1842
2901
747
569
7864
10490
6386
6510
1928
1874
1964
4226
4162
3579
656
3739
449
4002
2108
448
2625
1817
719
1043
1197
1153
1170
582
648
545
551
515
418
2369
2060
3611
3667
3593
1369
555
555
1054
694
689
5365
5240
5699
770
3694
1856
1869
1553
2647
2592
2662
2319
2217
719
558
4939
920
1439
1875
1600
1541
692
1504
1734
1363
1122
866
695
1958
574
1337
1129
1022
480
1816
419
414
362
353
381
351
365
379
389
405
369
407
385
397
467
385
407
374
393
412
383
377
380
502
409
602
377
367
385
402
356
400
382
461
403
398
127
460
175
462
176
462
33
72
70
46
441
2642
2791
1005
763
1580
814
1631
2127
787
873
996
3392
788
6523
6619
6785
730
3924
18445
1672
2082
815
2630
2698
2055
448
342
1508
546
2638
833
5784
1503
10121
409
1322
1475
1405
486
5602
671
1623
1460
793
975
740
794
580
1834
847
4359
1808
1734
754
1927
1620
712
1239
856
678
1135
1079
713
728
732
323
939
2010
1571
1725
573
768
1487
1584
581
1474
2669
2264
2655
2194
1723
1963
1015
722
460
609
6752
1636
574
1370
482
891
759
912
2857
1650
817
542
501
2979
1005
1523
3350
1977
1221
9445
807
519
436
593
569
3046
5113
4756
2963
5981
3323
542
1961
2528
591
3232
3248
2818
1056
886
2013
2043
1590
1974
1811
1818
1781
1851
799
872
1470
694
384
691
1171
494
5175
7091
788
2816
1050
1335
882
6204
945
2854
903
968
6105
5721
3981
3714
6105
721
920
449
644
4100
1781
517
1220
354
366
1669
1770
1002
1051
664
617
4563
2121
4113
3173
213
3123
1914
805
